               0           0.001           0.002           0.003           0.004           0.005           0.006           0.007           0.008           0.009            0.01
               0               0               0               0               0               0               0               0               0               0               1
               0               0               0               0             0.5               0               0               0               0               0               0
0
               0    4.313708e-06    -0.004679866     -0.01696792      0.01613176      0.02204288      0.01837665      0.01423374      0.01108946     0.004271211               1
      -0.1068148       0.1068148       0.1068145       0.2169358      -0.3608988     -0.03299731       0.1054923       0.1040222       0.1028835       0.1020708               0
-2.168404e-17
               0   -3.019827e-05    0.0003263217    -0.001134113    0.0009864776     0.003961818     0.005643567     0.006910352     0.009095674     0.005928718               1
      0.02192957     -0.02192957     -0.01397604     -0.05785299       0.3901419      0.05766536     -0.01990094     -0.02978521     -0.03028424      -0.0329417     0.008107563
5.5241e-05
               0   -1.613038e-05    -0.003844517     -0.01670617      0.01190112      0.02330749      0.02171879      0.01835971      0.01682201      0.00624211               1
     -0.08094419      0.08094419      0.07773166       0.1798802      -0.3038485     -0.07990562      0.07587182      0.08682369      0.08549427      0.08438547     0.007222638
1.091741e-06
               0   -6.341643e-05    3.816441e-05    -0.002989287    0.0003040396      0.00468094     0.007465956     0.009259715      0.01283525     0.005807765               1
       0.0253895      -0.0253895     -0.01726075     -0.06780588       0.3217025      0.09007576     -0.02164155     -0.03876723     -0.04101738     -0.04306918      0.01273326
6.500254e-05
               0   -6.004761e-05    -0.003779298     -0.01647242     0.008415604       0.0223988      0.02255659      0.01963445      0.01905252     0.004771123               1
     -0.06858407      0.06858407      0.06620241       0.1514609      -0.2539315     -0.09887519      0.05964591      0.08071322      0.08068101       0.0778723      0.01163995
2.4403e-06
               0   -0.0001117831   -0.0003867016     -0.00447124   -0.0006680938     0.004213123     0.007830078     0.009897273      0.01433892     0.003692963               1
      0.02206696     -0.02206696      -0.0173194     -0.06368968       0.2745193       0.1118664     -0.01555885     -0.03947967     -0.04405648     -0.04458524      0.01621069
5.539999e-05
               0   -0.0001219801    -0.003984681     -0.01619675      0.00552286       0.0206424      0.02240288       0.0198445      0.01981009     0.002302378               1
     -0.06196997      0.06196997        0.062171        0.131357      -0.2114774      -0.1073379      0.04809052      0.07848891      0.08054614      0.07605265      0.01494041
3.591826e-06
               0   -0.0001757572   -0.0008169447    -0.005467348    -0.001515031     0.003363645     0.007619764     0.009881239      0.01483487     0.001113073               1
      0.01667089     -0.01667089     -0.01602803     -0.05644745       0.2384918       0.1276759    -0.005685474     -0.03663376     -0.04397542       -0.043119      0.01916126
4.092267e-05
               0    -0.000197241    -0.004256672     -0.01585797     0.003102615      0.01856905      0.02181891      0.01965297      0.01990472    -0.000270275               1
     -0.05802456      0.05802456      0.06116732       0.1173797      -0.1749965      -0.1109545      0.03777941      0.07721216      0.08201558      0.07631717      0.01771651
4.138864e-06
               0    -0.000251044    -0.001210242    -0.006065422    -0.002152528     0.002458718     0.007176143     0.009607921      0.01482914    -0.001389433               1
      0.01095392     -0.01095392      -0.0141008     -0.04939744       0.2089484       0.1391722     0.006169053     -0.03199147     -0.04253371     -0.04083277       0.0218332
2.669507e-05
               0   -0.0002806359    -0.004517409     -0.01546662     0.001054294      0.01640666      0.02101236      0.01930085      0.01967059    -0.002648506               1
     -0.05546134      0.05546134      0.06132659       0.1077271      -0.1431984       -0.111664      0.02764444      0.07566832      0.08386949      0.07760003      0.02022595
4.073527e-06
               0   -0.0003328083    -0.001555847    -0.006375997     -0.00259897     0.001629808     0.006635092     0.009224829      0.01454074    -0.003648791               1
      0.00549955     -0.00549955     -0.01182983     -0.04333886       0.1836237       0.1471641      0.01904251     -0.02620041     -0.04036466     -0.03850117      0.02435538
1.457409e-05
               0   -0.0003676453    -0.004740069     -0.01504158   -0.0007023393      0.01425819      0.02005934        0.018869       0.0192512    -0.004757166               1
     -0.05371795      0.05371795      0.06188635       0.1011244      -0.1151101      -0.1101668      0.01755287       0.0733734      0.08559927      0.07944991      0.02259834
3.550611e-06
               0   -0.0004169876    -0.001854811    -0.006491878    -0.002897106    0.0009254195     0.006054589     0.008786641      0.01407177    -0.005637692               1
     0.000452029    -0.000452029    -0.009330251     -0.03826792        0.161326       0.1521796      0.03232378     -0.01949815     -0.03764947     -0.03635031      0.02680383
5.133012e-06
               0   -0.0004547687    -0.004918168     -0.01460049    -0.002228649      0.01217102      0.01898852      0.01837841      0.01871195    -0.006600247               1
     -0.05253482      0.05253482      0.06254272      0.09668855     -0.09000929      -0.1067557      0.00770535      0.07016692      0.08696641      0.08165647      0.02490635
2.742533e-06
               0   -0.0005004853    -0.002112149    -0.006482904    -0.003088839    0.0003570681     0.005463344     0.008314445      0.01347543    -0.007375556               1
    -0.004198369     0.004198369    -0.006645522     -0.03396315       0.1413731       0.1546239      0.04556741      -0.0119829     -0.03439331     -0.03439286      0.02922584
-1.630645e-06
               0   -0.0005394391     -0.00505309       -0.014157    -0.003570292      0.01016577      0.01781286      0.01782879       0.0180853    -0.008206039               1
      -0.0517819       0.0517819      0.06318191      0.09380237     -0.06735822      -0.1015986    -0.001606703       0.0660409      0.08783407      0.08409892      0.02719372
1.794376e-06
               0   -0.0005810445    -0.002333726    -0.006399411    -0.003208616    -8.08497e-05     0.004879251     0.007818107      0.01278392    -0.008893981               1
    -0.008506692     0.008506692    -0.003792842     -0.03018002       0.1233455       0.1548271      0.05841997    -0.003717014     -0.03054047     -0.03256047      0.03165023
-5.993081e-06
               0   -0.0006198361    -0.005148968     -0.01372072     -0.00476058     0.008249497      0.01654137      0.01721338      0.01738922    -0.009606869               1
     -0.05138543      0.05138543       0.0637675      0.09202556     -0.04675706     -0.09483164     -0.01009338      0.06106626      0.08810481      0.08668394      0.02948678
8.173873e-07
               0   -0.0006570719    -0.002525074    -0.006276917    -0.003283013   -0.0004019235     0.004316189     0.007304594      0.01202019     -0.01022425               1
     -0.01253311      0.01253311   -0.0007822002     -0.02670883       0.1069739       0.1530623      0.07058681     0.005233061     -0.02602327      -0.0307556      0.03409165
-8.351981e-06
               0   -0.0006947107    -0.005210569      -0.0132978    -0.005823318     0.006422464       0.0151832      0.01652469      0.01663511     -0.01083208               1
     -0.05129612      0.05129612      0.06429249      0.09103594     -0.02791189     -0.08658937     -0.01749747      0.05536037      0.08769913      0.08931964      0.03179903
-1.074539e-07
               0   -0.0007274836    -0.002690971     -0.00614008    -0.003332028   -0.0006232438     0.003786325     0.006781027      0.01120321     -0.01139321               1
     -0.01632875      0.01632875     0.002375497     -0.02338585        0.092083        0.149559      0.08181378      0.01478023     -0.02078385     -0.02887197      0.03655227
-9.141974e-06
               0   -0.0007632465    -0.005242423      -0.0128916    -0.006774965     0.004682095      0.01374911      0.01575683      0.01583137     -0.01190595               1
      -0.0514744       0.0514744      0.06475848      0.09058981     -0.01061304     -0.07701408     -0.02360244      0.04907259      0.08654964      0.09190458      0.03413281
-9.245309e-07
               0   -0.0007915838     -0.00283531    -0.006005611    -0.003370547   -0.0007630612     0.003300676     0.006255752      0.01035056     -0.01242222               1
     -0.01993117      0.01993117     0.005664488     -0.02009009      0.07856166       0.1445146      0.09187589      0.02480849     -0.01478494      -0.0268031      0.03902207
-8.786606e-06
               0   -0.0008249541    -0.005248489     -0.01250321    -0.007626237     0.003025498      0.01225188      0.01490653      0.01498527     -0.01284746               1
     -0.05188306      0.05188306      0.06516657      0.09049505     0.005279989     -0.06626117     -0.02823318      0.04237765      0.08460154      0.09432317      0.03647972
-1.599209e-06
               0   -0.0008489735    -0.002961075    -0.005884319    -0.003409522   -0.0008395077     0.002868991     0.005738663     0.009479734     -0.01332727               1
     -0.02336336      0.02336336     0.009061801     -0.01673699      0.06634441       0.1381068       0.1005703      0.03516767    -0.008016286     -0.02444689      0.04147895
-7.671649e-06
               0   -0.0008795931    -0.005232051     -0.01213186     -0.00838329     0.001451164      0.01070648      0.01397381      0.01410407     -0.01367069               1
     -0.05248312      0.05248312      0.06551343      0.09059302         0.01985     -0.05450404     -0.03125614      0.03547223      0.08181611      0.09644488       0.0388208
-2.11412e-06
               0   -0.0008994806    -0.003070363     -0.00578249    -0.003456799   -0.0008698707     0.002499351     0.005241176     0.008608942     -0.01411945               1
     -0.02663417      0.02663417      0.01253567     -0.01327286      0.05539843       0.1305067        0.107714      0.04567009   -0.0004996393     -0.02170917      0.04388893
-6.130777e-06
               0   -0.0009271141    -0.005195733     -0.01177528    -0.009048688   -3.994556e-05     0.009130217      0.01296244      0.01319574     -0.01438537               1
     -0.05323127      0.05323127      0.06578989      0.09074685      0.03313178      -0.0419394      -0.0325814      0.02857211      0.07817605      0.09812596      0.04112698
-2.465982e-06
               0   -0.0009431093    -0.003164445     -0.00570285    -0.003517634   -0.0008701572      0.00219765     0.004775915     0.007757317     -0.01480561               1
     -0.02973936      0.02973936      0.01604467    -0.009670797      0.04571263       0.1218903       0.1131457      0.05608953     0.007706711     -0.01850744      0.04620722
-4.438006e-06
               0   -0.0009676177    -0.005141572        -0.01143    -0.009622258    -0.001443826     0.007542694      0.01188035      0.01226942      -0.0149977               1
     -0.05407856      0.05407856      0.06598087      0.09083488      0.04512162     -0.02879186     -0.03216732      0.02190789      0.07369234       0.0992141      0.04336029
-2.662821e-06
               0   -0.0009800024    -0.003243857    -0.005645258    -0.003595008   -0.0008548024     0.001967032     0.004356114     0.006944794     -0.01538923               1
     -0.03266353      0.03266353      0.01953787    -0.005927792      0.03728747       0.1124495       0.1167335      0.06616384      0.01650398     -0.01477525      0.04838041
-2.803812e-06
               0    -0.001001325    -0.005071138     -0.01109177     -0.01010197    -0.002753354     0.005965671      0.01073978      0.01133563      -0.0155112               1
     -0.05497014      0.05497014       0.0660663      0.09074821      0.05578751     -0.01531621     -0.03002702      0.01571808      0.06841195      0.09955617       0.0454761
-2.721461e-06
               0    -0.001010414    -0.003308554    -0.005607281    -0.003689835   -0.0008364447     0.001807361      0.00399469     0.006191525     -0.01587147               1
     -0.03538282      0.03538282       0.0229563    -0.002062419      0.03012494       0.1023995       0.1183864      0.07560274      0.02575017     -0.01046683      0.05035026
-1.373856e-06
               0    -0.001028557    -0.004985674     -0.01075594     -0.01048487    -0.003958713     0.004422635     0.009557143      0.01040621     -0.01592773               1
     -0.05584635      0.05584635      0.06602289      0.09039184      0.06508085    -0.001795487     -0.02623517       0.0102386      0.06242505      0.09900919      0.04742672
-2.665109e-06
               0    -0.001034689    -0.003358115    -0.005584762    -0.003801158   -0.0008257389     0.001714808     0.003702975     0.005516852     -0.01625244               1
     -0.03786867      0.03786867      0.02623618     0.001887782       0.0242189      0.09198283       0.1180697      0.08410199      0.03525986    -0.005561837      0.05205899
-2.30724e-07
               0    -0.001049721     -0.00488626       -0.010418      -0.0107681    -0.005048333     0.002938012     0.008352523     0.009493903     -0.01624876               1
     -0.05664518      0.05664518      0.06582652       0.0896882      0.07294968      0.01146657     -0.02093273     0.005688583      0.05587026      0.09745431      0.04916607
-2.520864e-06
               0    -0.001053251    -0.003392007    -0.005572431    -0.003926426   -0.0008312221     0.001681662     0.003489234     0.004937881     -0.01653263               1
     -0.04009253      0.04009253      0.02931377     0.005869972      0.01954662       0.0814657       0.1158205      0.09136437      0.04480796   -6.923895e-05      0.05345599
6.001974e-07
               0    -0.001065294    -0.004773985      -0.0100741     -0.01094993    -0.006010271     0.001535981     0.007148555     0.008611634     -0.01647661               1
     -0.05730631      0.05730631      0.06545532      0.08858233      0.07935277      0.02415949     -0.01432705     0.002253698      0.04893554       0.0948124      0.05065534
-2.317043e-06
               0    -0.001066582    -0.003409874     -0.00556459    -0.004061897   -0.0008592725      0.00169646     0.003357128       0.0044678     -0.01671446               1
     -0.04203114      0.04203114      0.03213165      0.00982123      0.01606265      0.07112921       0.1117603      0.09712597      0.05413891     0.005970287      0.05450503
1.139955e-06
               0     -0.00107581    -0.004650099    -0.009721522     -0.01103074    -0.006833923    0.0002389342     0.005968862     0.007771461      -0.0166158               1
     -0.05777637      0.05777637      0.06489311      0.08704701      0.08427371      0.03598562    -0.006684833    6.917502e-05      0.04185295      0.09105921      0.05186869
-2.080452e-06
               0    -0.001075208    -0.003411827    -0.005555838    -0.004203196   -0.0009142117     0.001744508     0.003304448     0.004114153      -0.0168037               1
     -0.04367177      0.04367177      0.03464569       0.0136754      0.01369635      0.06125384       0.1060998       0.1011847      0.06298184      0.01248442      0.05519095
1.440897e-06
               0    -0.001081837    -0.004516139    -0.009359144     -0.01101377      -0.0075118   -0.0009342401     0.004836107     0.006983365     -0.01667415               1
     -0.05801475      0.05801475      0.06413278       0.0850864      0.08773281      0.04668277     0.001683014   -0.0007940209      0.03488624      0.08623719      0.05279808
-1.833886e-06
               0    -0.001079681    -0.003398666    -0.005541755    -0.004345983    -0.000998578     0.001808775     0.003322425     0.003877404     -0.01681042               1
     -0.04501657      0.04501657      0.03683128      0.01737102      0.01235358      0.05210046      0.09913365       0.1034264      0.07107107      0.01937214      0.05552424
1.569441e-06
               0    -0.001083954    -0.004373994     -0.00898762      -0.0109056    -0.008041095    -0.001969798     0.003769952     0.006254044     -0.01666341               1
     -0.05799911      0.05799911      0.06317921      0.08273693      0.08979515      0.05604622      0.01044392   -0.0003365116      0.02831175      0.08046079      0.05345619
-1.594296e-06
               0    -0.001080548    -0.003371994    -0.005519451    -0.004486639    -0.001113551     0.001871088     0.003395881     0.003750121     -0.01674939               1
     -0.04608512      0.04608512      0.03868768      0.02085922      0.01192253      0.04389124      0.09122213       0.1038418      0.07816954      0.02650965      0.05554241
1.590223e-06
               0    -0.001082728    -0.004225905    -0.008609377     -0.01071611    -0.008424688    -0.002860374     0.002785284     0.005585988     -0.01659932               1
     -0.05772916      0.05772916      0.06205095      0.08006439      0.09057285      0.06394559      0.01927052     0.001371037       0.0223954      0.07391311      0.05387653
-1.371996e-06
               0    -0.001078333    -0.003334192     -0.00548787    -0.004622827    -0.001259452     0.001913458     0.003504326      0.00371706     -0.01663955               1
     -0.04691446      0.04691446       0.0402392      0.02411011      0.01228228      0.03679461      0.08276358       0.1025312      0.08409111      0.03375868      0.05530736
1.554996e-06
               0    -0.001078683     -0.00407439    -0.008228356     -0.01045808    -0.008671373    -0.003605525     0.001891078     0.004977064     -0.01650082               1
     -0.05722783      0.05722783      0.06078031      0.07715746      0.09022076      0.07033287      0.02786713     0.004198543      0.01736954      0.06683314      0.05411052
-1.171027e-06
               0    -0.001073512    -0.003288243    -0.005447792     -0.00475381    -0.001436213     0.001919358      0.00362387     0.003756266     -0.01650265               1
     -0.04755646      0.04755646      0.04153271      0.02711626      0.01331213        0.030917      0.07416033      0.09969412      0.08871743      0.04097609      0.05489889
1.497987e-06
               0    -0.001072283    -0.003922109    -0.007849537     -0.01014627    -0.008795217    -0.004211434      0.00109011     0.004420772      -0.0163887               1
     -0.05653907      0.05653907      0.05941147      0.07411848      0.08892614      0.07523993      0.03599089     0.007973982      0.01341422      0.05949536      0.05422186
-9.904855e-07
               0    -0.001066498    -0.003237441    -0.005401541    -0.004880442    -0.001643685     0.001874786     0.003729604     0.003841084     -0.01636128               1
     -0.04807278      0.04807278      0.04263178      0.02989232       0.0148997      0.02630271      0.06578566      0.09560549      0.09200555      0.04802332      0.05440563
1.437149e-06
               0    -0.001063921     -0.00377168    -0.007478344    -0.009796343    -0.008814196    -0.004689797    0.0003795797     0.003907187     -0.01628358               1
      -0.0557227       0.0557227      0.05799679      0.07105304        0.086894      0.07876618      0.04346383      0.01250372        0.010646      0.05218516      0.05427916
-8.26388e-07
               0    -0.001057636    -0.003185057    -0.005352459    -0.005004834    -0.001881732     0.001769015     0.003798033     0.003942781     -0.01623664               1
     -0.04852849      0.04852849      0.04360848       0.0324711      0.01694601      0.02294076      0.05795729      0.09058397      0.09398483      0.05477418      0.05391504
1.378905e-06
               0    -0.001053917    -0.003625493    -0.007120036    -0.009423601    -0.008748385    -0.005056116   -0.0002475479     0.003424418     -0.01620394               1
     -0.05484701      0.05484701       0.0565919      0.06806019      0.08433097      0.08105956      0.05017451      0.01759134     0.009115611      0.04517458      0.05434821
-6.73595e-07
               0    -0.001047204    -0.003134006    -0.005304261    -0.005129787    -0.002150091     0.001594994     0.003809125     0.004033322     -0.01614646               1
     -0.04898526      0.04898526      0.04453458      0.03489672      0.01936714      0.02077595      0.05092117      0.08495887      0.09474463      0.06112005      0.05350437
1.323602e-06
               0    -0.001042522    -0.003485543    -0.006779179    -0.009041977    -0.008618085    -0.005327743   -0.0008007928     0.002960323     -0.01616434               1
     -0.05398072      0.05398072      0.05525033      0.06522469      0.08143052      0.08229492      0.05607055      0.02305162     0.008813294      0.03870233      0.05448508
-5.274036e-07
               0    -0.001035424     -0.00308659    -0.005260411    -0.005258118    -0.002448074     0.001349443      0.00374773     0.004087855     -0.01610345               1
      -0.0494954       0.0494954      0.04547349      0.03721667      0.02209285      0.01972138      0.04484648      0.07904146      0.09441614      0.06697186      0.05323401
1.26967e-06
               0    -0.001029931     -0.00335331     -0.00645928    -0.008663231    -0.008442197    -0.005522014    -0.001290385     0.002504149     -0.01617418               1
     -0.05318574      0.05318574      0.05401883      0.06261213      0.07836177      0.08265375      0.06114528      0.02871834     0.009679147      0.03296062      0.05473111
-3.846072e-07
               0    -0.001022471    -0.003044338    -0.005223606    -0.005392029    -0.002774194     0.001032707      0.00360427     0.004086583     -0.01611457               1
     -0.05009748      0.05009748      0.04647421       0.0394742       0.0250631      0.01966972       0.0398298      0.07310488      0.09315285      0.07225935       0.0531438
1.215832e-06
               0    -0.001016297    -0.003229711    -0.006162595    -0.008296523    -0.008237087     -0.00565478     -0.00172577      0.00204785     -0.01623723               1
     -0.05251169      0.05251169      0.05293372        0.060267      0.07526294      0.08230844       0.0654223      0.03444641      0.01161541      0.02808941      0.05511022
-2.439684e-07
               0    -0.001008487    -0.003007957    -0.005195445     -0.00553263    -0.003125842    0.0006484368     0.003374776     0.004015838     -0.01618101               1
     -0.05081398      0.05081398      0.04756784      0.04170236       0.0282238       0.0205021      0.03590536      0.06737343      0.09111356      0.07692836      0.05325238
1.161695e-06
               0    -0.001001737    -0.003115106    -0.005890119    -0.007948334    -0.008015983    -0.005739465    -0.002114589     0.001586912      -0.0163519               1
     -0.05199287      0.05199287      0.05201908      0.05821333      0.07223947      0.08141205      0.06894134      0.04010992      0.01449806      0.02417697      0.05562846
-1.06166e-07
               0   -0.0009935858     -0.00297737    -0.005176279    -0.005679651    -0.003499063    0.0002031799     0.003060439     0.003868377     -0.01629887               1
     -0.05165076      0.05165076      0.04876655      0.04392034      0.03152287      0.02209412      0.03305775      0.06202029      0.08845022      0.08093734      0.05355886
1.107471e-06
               0   -0.0009863486    -0.003009361    -0.005641704    -0.007622655    -0.007788872    -0.005786677    -0.002462191     0.001120643     -0.01651199               1
     -0.05164744      0.05164744      0.05128638      0.05645716      0.06936584      0.08009372      0.07174743      0.04559838      0.01818621      0.02126486      0.05627558
2.665532e-08
               0   -0.0009778673     -0.00295183    -0.005165248    -0.005831382      -0.0038885   -0.0002940981     0.002666868     0.003643038     -0.01646024               1
     -0.05259835      0.05259835      0.05006461       0.0461321      0.03490736      0.02431957       0.0312345      0.05717102      0.08530142       0.0842543      0.05404609
1.053487e-06
               0   -0.0009702129    -0.002911949     -0.00541627    -0.007321359    -0.007562768     -0.00580428    -0.002771633    0.0006519703     -0.01670789               1
     -0.05147858      0.05147858      0.05073554      0.05498995      0.06668975      0.07845863      0.07388433      0.05081278      0.02252883      0.01935518      0.05702786
1.515744e-07
               0   -0.0009614177    -0.002930065    -0.005160433    -0.005984786    -0.004287484   -0.0008325152     0.002203207     0.003343935     -0.01665453               1
     -0.05363427      0.05363427      0.05144105      0.04832717       0.0383219      0.02705254      0.03035682      0.05291019      0.08179066      0.08685486      0.05468468
9.998476e-07
               0   -0.0009534037    -0.002822068    -0.005212056    -0.007044661    -0.007342212    -0.005797807    -0.003044055    0.0001868424     -0.01692786               1
     -0.05147678      0.05147678      0.05035689       0.0537924      0.06423752      0.07659091      0.07539193      0.05566302      0.02736932      0.01841828      0.05785181
2.656525e-07
               0   -0.0009443163    -0.002910454    -0.005159109    -0.006135756    -0.004688284    -0.001399796     0.001681234     0.002979388     -0.01686978               1
     -0.05472623      0.05472623      0.05286312      0.05048286      0.04170859      0.03016876      0.03032798      0.04928881      0.07802809      0.08872194      0.05543729
9.463203e-07
               0   -0.0009359913    -0.002738759    -0.005026876    -0.006791598    -0.007129862    -0.005771046    -0.003279297   -0.0002666352     -0.01715935               1
     -0.05162296      0.05162296       0.0501336       0.0528382      0.06201959      0.07455812      0.07630693      0.06006699      0.03254858      0.01839989      0.05870826
3.666069e-07
               0   -0.0009266392    -0.002891197    -0.005158039    -0.006279477    -0.005082462    -0.001982813      0.00111449     0.002560742     -0.01709387               1
     -0.05583566      0.05583566      0.05429027      0.05256756      0.04500805      0.03354684      0.03103943       0.0463311      0.07411389        0.089847      0.05626268
8.924148e-07
               0   -0.0009180472    -0.002661021     -0.00485836    -0.006560467    -0.006927082     -0.00572669    -0.003476627   -0.0006992196     -0.01739014               1
     -0.05189172      0.05189172      0.05004432      0.05209726      0.06003548      0.07241604      0.07666543      0.06395167      0.03790764      0.01922687      0.05955639
4.532766e-07
               0   -0.0009084627    -0.002870484    -0.005153783    -0.006410828    -0.005461327     -0.00256815    0.0005174671     0.002101191     -0.01731551               1
     -0.05692137      0.05692137      0.05567824      0.05454456      0.04816159      0.03706979      0.03237534      0.04403974      0.07014193       0.0902325      0.05711942
8.375392e-07
               0    -0.000899647    -0.002587904    -0.004704156      -0.0063492    -0.006734467    -0.005666945    -0.003635468    -0.001101594     -0.01760933               1
     -0.05225453      0.05225453      0.05006565       0.0515386      0.05827794      0.07021295      0.07650649      0.06725573       0.0432905      0.02081186      0.06035749
5.258082e-07
               0   -0.0008898667    -0.002846635       -0.005143    -0.006524804    -0.005816423    -0.003142678   -9.514217e-05     0.001614668     -0.01752502               1
     -0.05794301      0.05794301      0.05698299       0.0563759      0.05111385      0.04062715      0.03421613      0.04239974      0.06620251      0.08989499      0.05796902
7.811598e-07
               0   -0.0008808728    -0.002518588      -0.0045621    -0.006155675    -0.006552261    -0.005594025    -0.003756037    -0.001465375     -0.01780805               1
     -0.05268254      0.05268254      0.05017445      0.05113261      0.05673611      0.06799277      0.07587552       0.0699331      0.04854772      0.02305681      0.06107827
5.855503e-07
               0   -0.0008709362    -0.002818231    -0.005122718    -0.006616918    -0.006140041    -0.003694132   -0.0007091304     0.001114862     -0.01771493               1
      -0.0588643       0.0588643      0.05816418      0.05802619      0.05381579      0.04411754      0.03644168      0.04138096      0.06238354       0.0888681      0.05877851
7.229197e-07
               0   -0.0008618132    -0.002452431     -0.00443034    -0.005977935    -0.006380664    -0.005510499    -0.003839818    -0.001783987     -0.01797998               1
     -0.05314903      0.05314903      0.05034967      0.05085276      0.05539785      0.06579703      0.07482672      0.07195667      0.05354079      0.02585591      0.06169334
6.34706e-07
               0    -0.000851762    -0.002784201    -0.005090554    -0.006683548    -0.006425677    -0.004211659    -0.001311392    0.0006143859      -0.0178802               1
     -0.05965566      0.05965566      0.05918823      0.05946576      0.05622745      0.04745159      0.03893458      0.04094019         0.05877      0.08720458      0.05952219
6.627015e-07
               0   -0.0008425626    -0.002388998    -0.004307411    -0.005814347    -0.006220025    -0.005419478    -0.003889828    -0.002053316     -0.01812155               1
     -0.05363119      0.05363119      0.05057374      0.05067688      0.05425129      0.06366558        0.073424      0.07332136      0.05814694      0.02909834      0.06218691
6.758453e-07
               0   -0.0008324394    -0.002743883    -0.005044872    -0.006722192    -0.006668419    -0.004686289    -0.001890445    0.0001241316     -0.01801841               1
      -0.0602962       0.0602962      0.06003048      0.06067317      0.05832027      0.05055465      0.04158357      0.04102294      0.05544181      0.08497691      0.06018274
6.006415e-07
               0    -0.000823218    -0.002328066     -0.00419227    -0.005663685    -0.006070937    -0.005324638    -0.003910659    -0.002272101     -0.01823197               1
     -0.05411134      0.05411134      0.05083344      0.05058786      0.05328579      0.06163637      0.07174019      0.07404576      0.06226403        0.032671      0.06255338
7.114038e-07
               0   -0.0008130656    -0.002697047    -0.004984868    -0.006731625      -0.0068652    -0.005111292    -0.002436829   -0.0003471704     -0.01812956               1
     -0.06077485      0.06077485      0.06067661      0.06163681      0.06007847      0.05336896      0.04428689      0.04156557      0.05247068      0.08227607      0.06075137
5.371102e-07
               0   -0.0008038755      -0.0022696    -0.004084278    -0.005525141    -0.005934231    -0.005230105     -0.00390829    -0.002442012     -0.01831298               1
     -0.05457747      0.05457747       0.0511202      0.05057374      0.05249235      0.05974449      0.06985469       0.0741719      0.06581459      0.03646143      0.06279694
7.432831e-07
               0    -0.000793736    -0.002643879    -0.004910575    -0.006711932    -0.007014895    -0.005482362    -0.002943349   -0.0007931623     -0.01821581               1
     -0.06109062      0.06109062      0.06112304      0.06235546      0.06149946      0.05585489      0.04695539      0.04249794      0.04991661      0.07920822      0.06122732
4.726732e-07
               0    -0.000784626    -0.002213714    -0.003983152     -0.00539829    -0.005810914    -0.005140235    -0.003889729    -0.002567441     -0.01836837               1
     -0.05502312      0.05502312      0.05142982      0.05062743      0.05186362      0.05802096      0.06784981      0.07376295      0.06874849      0.04036091      0.06293022
7.726293e-07
               0   -0.0007745402    -0.002584931    -0.004822794    -0.006664423    -0.007118255    -0.005797632    -0.003405157    -0.001209851     -0.01828097               1
     -0.06125192      0.06125192      0.06137638      0.06283782      0.06259313      0.05799094      0.04951484       0.0437463      0.04782464       0.0758898       0.0616166
4.080449e-07
               0   -0.0007655519    -0.002160617    -0.003888871    -0.005282995    -0.005702048    -0.005059335     -0.00386251    -0.002655015     -0.01840341               1
     -0.05544668      0.05544668       0.0517617      0.05074581       0.0513936      0.05649152      0.06580657        0.072899      0.07104376      0.04426734      0.06297214
7.998061e-07
               0   -0.0007555586    -0.002521048    -0.004722969    -0.006591447    -0.007177692    -0.006057495    -0.003819644    -0.001595394     -0.01832995               1
     -0.06127505      0.06127505      0.06145203      0.06310124      0.06338011      0.05977246      0.05190729       0.0452364      0.04622252       0.0724415      0.06193024
3.440415e-07
               0   -0.0007467241    -0.002110552    -0.003801573    -0.005179288    -0.005608602    -0.004991355    -0.003834155    -0.002712931      -0.0184242               1
     -0.05585029      0.05585029      0.05211773      0.05092857      0.05107706      0.05517554      0.06380041      0.07167152      0.07270535      0.04808796      0.06294547
8.245248e-07
               0   -0.0007368598    -0.002453271    -0.004613011    -0.006496135    -0.007196944    -0.006264276    -0.004186205     -0.00194974     -0.01836816               1
     -0.06118221      0.06118221      0.06137228      0.06316979      0.06388935      0.06120937      0.05409115      0.04689641      0.04511969       0.0689818      0.06218233
2.815346e-07
               0   -0.0007282006    -0.002063741    -0.003721434    -0.005087231    -0.005531305    -0.004939618    -0.003811636    -0.002750176     -0.01843695               1
     -0.05623849      0.05623849      0.05250098      0.05117685      0.05090876      0.05408547      0.06189756      0.07017723      0.07376202      0.05174149      0.06287422
8.460642e-07
               0   -0.0007184991    -0.002382746    -0.004495116    -0.006382111     -0.00718067    -0.006421793    -0.004505878    -0.002274155     -0.01840089               1
      -0.0609991       0.0609991      0.06116388      0.06307194      0.06415536      0.06232299      0.05604022      0.04865929       0.0445076        0.065621      0.06238805
2.214076e-07
               0   -0.0007100265    -0.002020325    -0.003648566    -0.005006784    -0.005470507    -0.004906593    -0.003800939    -0.002775764     -0.01844744               1
     -0.05661673      0.05661673       0.0529144      0.05149183      0.05088274      0.05322655      0.06015231      0.06851197       0.0742619      0.05515954      0.06278131
8.635082e-07
               0   -0.0007005181    -0.002310628    -0.004371578    -0.006253199     -0.00713404    -0.006534881     -0.00478094    -0.002570741     -0.01843283               1
     -0.06075262      0.06075262      0.06085575      0.06283828      0.06421532      0.06314262      0.05774176       0.0504646      0.04436123      0.06245612      0.06256192
1.645131e-07
               0   -0.0006922346    -0.001980336    -0.003582927    -0.004937697    -0.005426081    -0.004893756    -0.003806733    -0.002798047     -0.01846051               1
     -0.05699014      0.05699014      0.05335965       0.0518735      0.05099161      0.05259705      0.05860556      0.06676556      0.07426727      0.05828732       0.0626868
8.759473e-07
               0   -0.0006829461    -0.002238014    -0.004244633    -0.006113174    -0.007062356    -0.006608919    -0.005014493    -0.002841971     -0.01846775               1
     -0.06046877      0.06046877      0.06047679       0.0624994      0.06410661      0.06370224      0.05919405      0.05225949      0.04464158      0.05956738       0.0627165
1.11634e-07
               0   -0.0006748472    -0.001943674    -0.003524267    -0.004879431    -0.005397369    -0.004901526    -0.003832196     -0.00282419     -0.01847982               1
      -0.0573625       0.0573625      0.05383631      0.05231976      0.05122604      0.05218881      0.05728446      0.06501766      0.07384925      0.06108364      0.06260664
8.826195e-07
               0   -0.0006658013    -0.002165879    -0.004116339    -0.005965563    -0.006970734     -0.00664943    -0.005210097    -0.003090316     -0.01850827               1
     -0.06017096      0.06017096      0.06005418      0.06208427      0.06386476      0.06403759      0.06040378      0.05399912      0.04529877      0.05701613       0.0628615
6.344852e-08
               0   -0.0006578777    -0.001910101      -0.0034721    -0.004831126    -0.005383175    -0.004929297    -0.003878977    -0.002859821     -0.01850773               1
     -0.05773564      0.05773564      0.05434141      0.05282585      0.05157447      0.05198805      0.05620305      0.06333526      0.07308296      0.06352042      0.06255217
8.829886e-07
               0   -0.0006490927    -0.002095053    -0.003988496    -0.005813508    -0.006863891    -0.006661763    -0.005371474    -0.003317983      -0.0185558               1
     -0.05987901      0.05987901      0.05961208      0.06161902      0.06352208      0.06418381      0.06138356      0.05564658      0.04627528      0.05484435      0.06300351
2.050304e-08
               0   -0.0006413328    -0.001879259    -0.003425712    -0.004791608     -0.00538181    -0.004975537    -0.003947277    -0.002908882     -0.01854531               1
     -0.05810915      0.05810915      0.05486938      0.05338418      0.05202314      0.05197641      0.05536369       0.0617714      0.07204347      0.06558168      0.06253013
8.767735e-07
               0   -0.0006328224    -0.002026198    -0.003862608      -0.0056597    -0.006746003    -0.006650881    -0.005502302    -0.003526763      -0.0186107               1
     -0.05960846      0.05960846      0.05917095      0.06112632      0.06310688      0.06417394      0.06214982      0.05717252      0.04750915      0.05307541      0.06314602
-1.680764e-08
               0   -0.0006252139    -0.001850694    -0.003384198    -0.004759432    -0.005391177    -0.005037941    -0.004036033    -0.002973643     -0.01859254               1
      -0.0584805       0.0584805       0.0554123      0.05398461      0.05255636      0.05213205      0.05475894      0.06036517      0.07080272      0.06726244      0.06254309
8.639434e-07
               0   -0.0006169873     -0.00195982    -0.003739876    -0.005506366    -0.006620656    -0.006621243    -0.005606086    -0.003717995      -0.0186724               1
     -0.05937059      0.05937059       0.0587473      0.06062514      0.06264321      0.06403795      0.06272122      0.05855463      0.04893692      0.05171573      0.06328991
-4.825073e-08
               0   -0.0006095191    -0.001823887    -0.003346511    -0.004732955    -0.005408881     -0.00511362    -0.004143148    -0.003054849     -0.01864851               1
     -0.05884545      0.05884545      0.05596046      0.05461487      0.05315697      0.05243084      0.05437357      0.05914247      0.06942738      0.06856746      0.06259027
8.446962e-07
               0   -0.0006015809    -0.001896278    -0.003621222    -0.005355286    -0.006490854    -0.006576767    -0.005686103    -0.003892616     -0.01873969               1
     -0.05917265      0.05917265      0.05835376       0.0601309      0.06215106      0.06380238      0.06311742      0.05977713      0.05049617      0.05075706      0.06343404
-7.375823e-08
               0   -0.0005942436    -0.001798291    -0.003311528    -0.004710422    -0.005432362    -0.005199313    -0.004265765    -0.003151969     -0.01871173               1
      -0.0591986       0.0591986      0.05650312      0.05526133      0.05380694      0.05284748      0.05418677      0.05811751       0.0679776      0.06951002      0.06266835
8.194277e-07
               0   -0.0005865944    -0.001835805    -0.003507322    -0.005207855    -0.006359068    -0.006520848    -0.005745398    -0.004051264     -0.01881093               1
     -0.05901842      0.05901842      0.05799944      0.05965581      0.06164675      0.06349034      0.06335841      0.06083023      0.05212762      0.05017908        0.063576
-9.342292e-08
               0   -0.0005793812    -0.001773371    -0.003278119     -0.00469006    -0.005459027    -0.005291588    -0.004400533    -0.003263477     -0.01878037               1
     -0.05953402      0.05953402      0.05702924      0.05590978      0.05448811      0.05335655      0.05417401      0.05729452      0.06650629      0.07011063      0.06277243
7.886976e-07
               0   -0.0005720181    -0.001778536    -0.003398645    -0.005065136    -0.006227311    -0.006456412     -0.00578681    -0.004194416     -0.01888437               1
     -0.05890886      0.05890886      0.05769044      0.05920935      0.06114356      0.06312186      0.06346403      0.06170966      0.05377687      0.04995202      0.06371281
-1.074889e-07
               0   -0.0005649251    -0.001748628    -0.003245206    -0.004670169    -0.005486375    -0.005387034    -0.004543865    -0.003387164     -0.01885249               1
     -0.05984595      0.05984595      0.05752828      0.05654622      0.05518286      0.05393343       0.0543089      0.05666964      0.06505896      0.07039593      0.06289684
7.531945e-07
               0   -0.0005578419    -0.001724526      -0.0032955     -0.00492793    -0.006097215    -0.006385985    -0.005813007     -0.00432252     -0.01895829               1
     -0.05884281      0.05884281      0.05743038      0.05879875      0.06065226      0.06271422      0.06345373      0.06241623      0.05539563      0.05003928      0.06384155
-1.163375e-07
               0   -0.0005508679    -0.001723633    -0.003211822    -0.004649201     -0.00551211    -0.005482424    -0.004692154    -0.003520422      -0.0189263               1
      -0.0601293       0.0601293      0.05799086      0.05715762      0.05587473       0.0545551      0.05456459       0.0562327      0.06367375      0.07039748      0.06303583
7.137013e-07
               0    -0.000544056    -0.001673772    -0.003198067     -0.00479683    -0.005970107    -0.006311758    -0.005826522    -0.004436118     -0.01903119               1
     -0.05881768      0.05881768      0.05722094      0.05842945      0.06018168      0.06228245       0.0633464      0.06295527      0.05694266      0.05039973      0.06395981
-1.204696e-07
               0   -0.0005372022    -0.001698041    -0.003177149     -0.00462582    -0.005534219    -0.005574848    -0.004841964     -0.00366049     -0.01900019               1
     -0.06038016      0.06038016      0.05840931      0.05773253      0.05654899      0.05520069      0.05491505      0.05596894      0.06238174      0.07015058      0.06318409
6.710605e-07
               0    -0.000530651    -0.001626226    -0.003106431     -0.00467227     -0.00584707    -0.006235647    -0.005829771    -0.004535932     -0.01910186               1
     -0.05882999      0.05882999      0.05706231      0.05810548      0.05973917      0.06183967      0.06316033      0.06333615      0.05838425      0.05098979      0.06406605
-1.204841e-07
               0    -0.000523921    -0.001671602    -0.003140549    -0.004598948    -0.005551039    -0.005661804    -0.004990162    -0.003804661     -0.01907289               1
     -0.06059605      0.06059605      0.05877802      0.05826152      0.05719298      0.05585194      0.05533592       0.0558605      0.06120725      0.06969315      0.06333709
6.26142e-07
               0   -0.0005176184    -0.001581809    -0.003020601    -0.004554556     -0.00572899    -0.006159332    -0.005825064     -0.00462291     -0.01916948               1
     -0.05887582      0.05887582      0.05695355      0.05782972       0.0593309      0.06139743      0.06291298      0.06357162      0.05969447      0.05176527      0.06415972
-1.170536e-07
               0   -0.0005110173    -0.001644162    -0.003101573    -0.004567783    -0.005561286    -0.005741256    -0.005134019     -0.00395043     -0.01914349               1
     -0.06077608      0.06077608      0.05909359      0.05873748      0.05779638      0.05649337      0.05580519      0.05588775      0.06016825      0.06906449      0.06349125
5.798118e-07
               0   -0.0005049503     -0.00154042    -0.002940524    -0.004443891    -0.005616585    -0.006084284    -0.005814595    -0.004698236     -0.01923355               1
     -0.05895116      0.05895116      0.05689293       0.0576041      0.05896204      0.06096589      0.06262091      0.06367712      0.06085499      0.05268282      0.06424125
-1.108974e-07
               0   -0.0004984846    -0.001615666    -0.003059965    -0.004531807     -0.00556406    -0.005811658    -0.005271264    -0.004095588      -0.0192114               1
      -0.0609209       0.0609209       0.0593549      0.05915572      0.05835133      0.05711238      0.05630359      0.05603028      0.05927682       0.0683042      0.06364404
5.329055e-07
               0   -0.0004926393    -0.001501935    -0.002866098    -0.004340386    -0.005510428     -0.00601178    -0.005800414     -0.00476331     -0.01929393               1
     -0.05905213      0.05905213      0.05687809       0.0574297      0.05863693      0.06055401      0.06229959      0.06367003      0.06185472      0.05370117      0.06431201
-1.027546e-07
               0   -0.0004863165     -0.00158614    -0.003015646    -0.004490772    -0.005558837    -0.005871947    -0.005400104     -0.00423828     -0.01927633               1
     -0.06103264      0.06103264      0.05956291      0.05951395      0.05885236      0.05769916      0.05681471      0.05626785      0.05853964      0.06745101      0.06379385
4.86205e-07
               0   -0.0004806787    -0.001466217     -0.00279717    -0.004244065     -0.00541095    -0.005942901    -0.005784404    -0.004819691      -0.0193507               1
     -0.05917512      0.05917512      0.05690623       0.0573068      0.05835904      0.06016952      0.06196318      0.06356892      0.06268922      0.05478203      0.06437403
-9.335597e-08
               0   -0.0004745063    -0.001555685    -0.002968699    -0.004444672    -0.005545428    -0.005921507    -0.005519219    -0.004377012     -0.01933822               1
     -0.06111459      0.06111459      0.05972044      0.05981207       0.0592963      0.05824652      0.05732509      0.05658099      0.05795848      0.06654179      0.06393991
4.4042e-07
               0    -0.000469062     -0.00143311    -0.002733541    -0.004154866    -0.005318444    -0.005878532    -0.005768247    -0.004869033     -0.01940417               1
     -0.05931679      0.05931679      0.05697415      0.05723491      0.05813101      0.05981902      0.06162441      0.06339276      0.06335986      0.05589082      0.06442987
-8.339916e-08
               0   -0.0004630477    -0.001524456    -0.002919338    -0.004393714    -0.005523943    -0.005960127    -0.005627725    -0.004510645     -0.01939721               1
     -0.06117099      0.06117099      0.05983186      0.06005197        0.059682      0.05874959      0.05782402      0.05695152      0.05753082      0.06561069      0.06408209
3.96175e-07
               0   -0.0004577828    -0.001402448    -0.002674969    -0.004072643    -0.005233069    -0.005819357    -0.005753391    -0.004913007     -0.01945474               1
     -0.05947414      0.05947414      0.05707837      0.05721275      0.05795453      0.05950793      0.06129444      0.06316026      0.06387295      0.05699708      0.06448231
-7.352592e-08
               0   -0.0004519338    -0.001492652    -0.002867883    -0.004338274    -0.005494738    -0.005987938    -0.005725139    -0.004638356      -0.0194535               1
     -0.06120666      0.06120666      0.05990266      0.06023716      0.06001012      0.05920557      0.05830329      0.05736287      0.05725044      0.06468842      0.06422074
3.540003e-07
               0   -0.0004468349    -0.001374049    -0.002621166    -0.003997165    -0.005154841    -0.005765853    -0.005741032    -0.004953227     -0.01950286               1
     -0.05964442      0.05964442      0.05721513      0.05723829      0.05783036      0.05924047      0.06098272      0.06288928      0.06423881      0.05807474      0.06453417
-6.430413e-08
               0   -0.0004411576    -0.001460496    -0.002814731    -0.004278859     -0.00545836    -0.006005348    -0.005811315    -0.004759595     -0.01950737               1
     -0.06122676      0.06122676      0.05993913      0.06037245      0.06028282      0.05961335      0.05875697      0.05780027      0.05710805       0.0638017      0.06435647
3.143278e-07
               0   -0.0004362119    -0.001347723    -0.002571808    -0.003928118    -0.005083647    -0.005718297    -0.005732099    -0.004991188     -0.01954899               1
     -0.05982514      0.05982514      0.05738048      0.05730877      0.05775831      0.05901967      0.06069703      0.06259626      0.06447072      0.05910221      0.06458808
-5.621445e-08
               0   -0.0004307117    -0.001428223    -0.002760323    -0.004216068    -0.005415498    -0.006012981    -0.005886394     -0.00487404      -0.0195591               1
     -0.06123644      0.06123644      0.05994797      0.06046359      0.06050344      0.05997321      0.05918101      0.05825085      0.05709196      0.06297296      0.06449009
2.774904e-07
               0   -0.0004259074    -0.001323269    -0.002526534    -0.003865114    -0.005019245     -0.00567677    -0.005727254     -0.00502821     -0.01959352               1
     -0.06001399      0.06001399      0.05757032      0.05742076      0.05773718      0.05884738      0.06044343      0.06229597      0.06458412      0.06006231      0.06464641
-4.964202e-08
               0   -0.0004205883    -0.001396067    -0.002705126    -0.004150557    -0.005366937    -0.006011616    -0.005950744    -0.004981553     -0.01960891               1
     -0.06124067      0.06124067      0.05993599      0.06051693      0.06067624      0.06028657      0.05957297      0.05870365       0.0571887      0.06222018      0.06462238
2.437246e-07
               0   -0.0004159147    -0.001300483    -0.002484956    -0.003807697    -0.004961277    -0.005641175      -0.0057269    -0.005065406     -0.01963677               1
     -0.06020885      0.06020885      0.05778047      0.05757026       0.0577649      0.05872432       0.0602264      0.06200116      0.06459568       0.0609421      0.06471112
-4.487294e-08
               0   -0.0004107794    -0.001364254    -0.002649609    -0.004083005    -0.005313514    -0.006002137    -0.006004912    -0.005082134     -0.01965699               1
     -0.06124401      0.06124401      0.05990982      0.06053916      0.06080614      0.06055567       0.0599317      0.05914956      0.05738364      0.06155694      0.06475413
2.131754e-07
               0    -0.000406227    -0.001279159    -0.002446668    -0.003755361    -0.004909285    -0.005611252      -0.0057312    -0.005103662     -0.01967897               1
     -0.06040774      0.06040774      0.05800674      0.05775277      0.05783853      0.05865018      0.06004889      0.06172255      0.06452262      0.06173258      0.06478376
-4.209518e-08
               0   -0.0004012767     -0.00133299    -0.002594224    -0.004014093    -0.005256089    -0.005985485    -0.006049577    -0.005175896     -0.01970345               1
     -0.06125051      0.06125051       0.0598757        0.060537       0.0608985      0.06078341       0.0602571      0.05958123      0.05766157      0.06099258      0.06488601
1.85903e-07
               0   -0.0003968373    -0.001259098    -0.002411257    -0.003707557    -0.004862734    -0.005586608    -0.005740105    -0.005143631     -0.01972026               1
     -0.06060888      0.06060888      0.05824503      0.05796351      0.05795444      0.05862366      0.05991255      0.06146874      0.06438209      0.06242843      0.06486543
-4.14033e-08
               0   -0.0003920718    -0.001302461    -0.002539395    -0.003944482    -0.005195519    -0.005962626    -0.006085508    -0.005263034     -0.01974834               1
     -0.06126364      0.06126364      0.05983937      0.06051705      0.06095891      0.06097316      0.06054988      0.05999295      0.05800718      0.06053252      0.06501859
1.618908e-07
               0   -0.0003877386    -0.001240104     -0.00237831    -0.003663718    -0.004821027    -0.005566742    -0.005753386    -0.005185749      -0.0197607               1
     -0.06081064      0.06081064      0.05849142       0.0581975      0.05810841      0.05864268      0.05981784      0.06124636      0.06419065      0.06302757      0.06495685
-4.280613e-08
               0    -0.000383156    -0.001272825    -0.002485511    -0.003874796    -0.005132631    -0.005934523    -0.006113538     -0.00534381     -0.01979166               1
     -0.06128624      0.06128624       0.0598059      0.06048561      0.06099307      0.06112865      0.06081137      0.06038049      0.05840555      0.06017868      0.06515238
1.410545e-07
               0   -0.0003789235    -0.001221996    -0.002347426    -0.003623269    -0.004783534    -0.005551074    -0.005770672     -0.00523025     -0.01980025               1
     -0.06101161      0.06101161      0.05874227      0.05844972      0.05829581      0.05870443      0.05976424      0.06106017      0.06396391       0.0635308      0.06505841
-4.62368e-08
               0   -0.0003745208    -0.001244217    -0.002432915    -0.003805616    -0.005068215    -0.005902114    -0.006134532    -0.005418539     -0.01983338               1
     -0.06132057      0.06132057       0.0597797      0.06044854      0.06100666      0.06125381      0.06104341      0.06074102       0.0588425      0.05992989       0.0652878
1.232515e-07
               0    -0.000370385    -0.001204609     -0.00231823    -0.003585649    -0.004749608     -0.00553898    -0.005791482    -0.005277199     -0.01983886               1
     -0.06121062      0.06121062      0.05899429      0.05871531      0.05851173      0.05880558      0.05975045      0.06091324      0.06371627      0.06394137      0.06517023
-5.156422e-08
               0   -0.0003661578    -0.001216741    -0.002381906    -0.003737468    -0.005003013    -0.005866301    -0.006149369    -0.005487579     -0.01987341               1
     -0.06136828      0.06136828      0.05976446      0.06041121       0.0610052      0.06135277      0.06124819      0.06107288      0.05930488      0.05978241      0.06542522
1.082904e-07
               0   -0.0003621156    -0.001187796    -0.002290372    -0.003550322    -0.004718615    -0.005529814    -0.005815267     -0.00532652     -0.01987643               1
     -0.06140674      0.06140674      0.05924459      0.05898966       0.0587512      0.05894239      0.05977454      0.06080725      0.06346068      0.06426459      0.06529221
-5.860549e-08
               0   -0.0003580585     -0.00119048    -0.002332734    -0.003670823    -0.004937708    -0.005827935    -0.006158928    -0.005551332      -0.0199117               1
     -0.06143055      0.06143055      0.05976319      0.06037843      0.06099403      0.06142972      0.06142823       0.0613755      0.05978083      0.05973043      0.06556505
9.594108e-08
               0   -0.0003541082    -0.001171432    -0.002263545    -0.003516791    -0.004689943    -0.005522935     -0.00584144    -0.005378031     -0.01991282               1
     -0.06159933      0.06159933      0.05949081      0.05926854      0.05900931       0.0591109      0.05983415      0.06074261       0.0632086      0.06450744      0.06542414
-6.713841e-08
               0   -0.0003502149    -0.001165488    -0.002285604    -0.003606092    -0.004872926    -0.005787815    -0.006164068    -0.005610233     -0.01994816               1
      -0.0615081       0.0615081      0.05977825      0.06035442      0.06097819      0.06148892      0.06158623      0.06164923      0.06025992      0.05976652       0.0657077
8.594437e-08
               0   -0.0003463555    -0.001155415    -0.002237482    -0.003484611    -0.004663027    -0.005517733    -0.005869406    -0.005431476     -0.01994793               1
     -0.06178807      0.06178807      0.05973108      0.05954822      0.05928133      0.05930699      0.05992659      0.06071876      0.06296989      0.06467816      0.06556574
-7.69138e-08
               0    -0.000342619    -0.001141801    -0.002240673    -0.003543628    -0.004809227    -0.005746681    -0.006165624    -0.005664748     -0.01998274               1
     -0.06160126      0.06160126      0.05981138      0.06034282       0.0609624      0.06153461      0.06172509      0.06189522      0.06073324      0.05988212      0.06585363
7.802118e-08
               0   -0.0003388504    -0.001139663    -0.002211961    -0.003453393    -0.004637356    -0.005513641    -0.005898588    -0.005486553     -0.01998163               1
     -0.06197292      0.06197292      0.05996407      0.05982552      0.05956288      0.05952658      0.06004903      0.06073436      0.06275288      0.06478589      0.06571672
-8.766701e-08
               0   -0.0003352633    -0.001119432    -0.002198056    -0.003483723    -0.004747112     -0.00570521    -0.006164397     -0.00571537     -0.02001539               1
     -0.06171011      0.06171011      0.05986381      0.06034665      0.06095101      0.06157097      0.06184785      0.06211528      0.06119344      0.06006792      0.06600339
7.188152e-08
               0   -0.0003315861    -0.001124121     -0.00218681    -0.003422814    -0.004612486    -0.005510156    -0.005928447    -0.005542943     -0.02001384               1
     -0.06215412      0.06215412        0.060189      0.06009789      0.05984999      0.05976567      0.06019854      0.06078747      0.06256435      0.06484037      0.06587683
-9.912833e-08
               0   -0.0003281405     -0.00109838     -0.00215783    -0.003426614    -0.004687017     -0.00566402    -0.006161145    -0.005762617      -0.0200461               1
     -0.06183447      0.06183447      0.05993628      0.06036839      0.06094797      0.06160211      0.06195759      0.06231179      0.06163475      0.06031429      0.06615758
6.723272e-08
               0   -0.0003245555    -0.001108753    -0.002161901    -0.003392615    -0.004588044    -0.005506842    -0.005958498    -0.005600326     -0.02004449               1
      -0.0623322       0.0623322      0.06040561       0.0603634      0.06013919      0.06002048      0.06037221      0.06087576      0.06240967      0.06485163      0.06604585
-1.110322e-07
               0   -0.0003212435    -0.001078626    -0.002120035    -0.003372484    -0.004629317    -0.005623663    -0.006156577    -0.005807017     -0.02007489               1
     -0.06197399      0.06197399       0.0600291      0.06040997      0.06095678      0.06163199      0.06205749      0.06248751      0.06205286      0.06061153       0.0663169
6.378694e-08
               0    -0.000317752    -0.001093543    -0.002137154    -0.003362604    -0.004563732    -0.005503341     -0.00598832    -0.005658405     -0.02007352               1
     -0.06250795      0.06250795       0.0606141      0.06062073      0.06042757      0.06028749      0.06056723       0.0609966      0.06229283      0.06482969      0.06622367
-1.231248e-07
               0   -0.0003145658     -0.00106014    -0.002084676    -0.003321462    -0.004574322    -0.005584629    -0.006151351     -0.00584911     -0.02010177               1
     -0.06212823      0.06212823      0.06014225      0.06047279      0.06098051      0.06166437      0.06215071      0.06264555      0.06244489      0.06095022      0.06648209
6.126775e-08
               0   -0.0003111691    -0.001078492    -0.002112529    -0.003332653    -0.004539329    -0.005499373    -0.006017565    -0.005716913     -0.02010091               1
     -0.06268234      0.06268234      0.06081514      0.06086921      0.06071279      0.06056354      0.06078092      0.06114724      0.06221661      0.06478435      0.06641026
-1.351705e-07
               0   -0.0003081008    -0.001042882    -0.002051732    -0.003273631    -0.004522289    -0.005547346    -0.006146068    -0.005889435     -0.02012683               1
     -0.06229667      0.06229667      0.06027544       0.0605578      0.06102175       0.0617028      0.06224039      0.06278925      0.06280929      0.06132136      0.06665399
5.941579e-08
               0   -0.0003048004    -0.001063617    -0.002088023    -0.003302694    -0.004514685    -0.005494737    -0.006045963    -0.005775622     -0.02012667               1
     -0.06285656      0.06285656      0.06100974      0.06110873      0.06099309      0.06084582      0.06101078      0.06132487      0.06218268      0.06472499      0.06660568
-1.469562e-07
               0   -0.0003018425    -0.001026801    -0.002021156     -0.00322903    -0.004473412    -0.005512178    -0.006141271    -0.005928524     -0.02015011               1
     -0.06247877      0.06247877      0.06042815      0.06066552      0.06108265      0.06175056       0.0623296      0.06292206      0.06314563      0.06171664      0.06683344
5.799334e-08
               0   -0.0002986395    -0.001048949    -0.002063667    -0.003272713    -0.004489722    -0.005489308    -0.006073316    -0.005834353     -0.02015082               1
      -0.0630319       0.0630319      0.06119927      0.06133969       0.0612673      0.06113195      0.06125452      0.06152675      0.06219172      0.06466041       0.0668101
-1.582949e-07
               0    -0.000295785    -0.001011844    -0.001992881    -0.003187655    -0.004427834    -0.005479432    -0.006137442    -0.005966895     -0.02017172               1
     -0.06267399      0.06267399      0.06059967      0.06079609      0.06116488      0.06181063      0.06242134      0.06304749      0.06345454      0.06212848      0.06702134
5.678784e-08
               0   -0.0002926805    -0.001034525    -0.002039521    -0.003242748    -0.004464425    -0.005483033    -0.006099504    -0.005892973     -0.02017338               1
     -0.06320978      0.06320978      0.06138532      0.06156297      0.06153483      0.06141996       0.0615101      0.06175022      0.06224355      0.06459871      0.06702378
-1.690279e-07
               0   -0.0002899228   -0.0009979505    -0.001966821    -0.003149471    -0.004385649    -0.005449357    -0.006135005    -0.006005043     -0.02019175               1
     -0.06288181      0.06288181       0.0607892      0.06094934      0.06126969      0.06188566      0.06251844      0.06316903      0.06373755      0.06255021      0.06721861
5.561437e-08
               0   -0.0002869174    -0.001020391    -0.002015664    -0.003212876    -0.004438836    -0.005475926    -0.006124478    -0.005951403     -0.02019442               1
     -0.06339165      0.06339165      0.06156969      0.06177983      0.06179559      0.06170833      0.06177569      0.06199279      0.06233731      0.06454717      0.06724705
-1.790253e-07
               0   -0.0002842503   -0.0009850598    -0.001942879     -0.00311441    -0.004346903    -0.005422146    -0.006134324    -0.006043441     -0.02021029               1
     -0.06310179      0.06310179      0.06099588      0.06112482      0.06139792      0.06197797      0.06262361      0.06329009       0.0639969      0.06297606      0.06742615
5.431706e-08
               0   -0.0002813444    -0.001006599    -0.001992196     -0.00318321     -0.00441305     -0.00546806    -0.006148254    -0.006009608     -0.02021397               1
     -0.06357902      0.06357902      0.06175431      0.06199188      0.06204997      0.06199597      0.06204976      0.06225216      0.06247152      0.06451221      0.06748033
-1.881862e-07
               0   -0.0002787625   -0.0009731092    -0.001920949     -0.00308238    -0.004311601    -0.005397945    -0.006135707    -0.006082528     -0.02022745               1
     -0.06333354      0.06333354      0.06121879      0.06132186      0.06155002      0.06208951      0.06273936      0.06341397      0.06423545      0.06340124       0.0676449
5.276956e-08
               0    -0.000275956   -0.0009932021    -0.001969227    -0.003153895    -0.004387205     -0.00545956    -0.006170912    -0.006067606     -0.02023211               1
     -0.06377337      0.06377337      0.06194118      0.06220097      0.06229881      0.06228223      0.06233103      0.06252627      0.06264423      0.06449936      0.06772413
-1.964379e-07
               0   -0.0002734544   -0.0009620371    -0.001900918     -0.00305327    -0.004279716    -0.005376852     -0.00613941    -0.006122713     -0.02024333               1
     -0.06357677      0.06357677      0.06145708      0.06153965       0.0617261      0.06222189      0.06286799      0.06354379      0.06445654      0.06382193      0.06787577
5.087462e-08
               0   -0.0002707467   -0.0009802528    -0.001946876    -0.003125094    -0.004361476      -0.0054506    -0.006192583    -0.006125458     -0.02024891               1
     -0.06397618      0.06397618      0.06213234      0.06240915      0.06254332      0.06256686      0.06261849       0.0628133      0.06285318      0.06451327      0.06797901
-2.03734e-07
               0    -0.000268321   -0.0009517842    -0.001882673    -0.003026955    -0.004251188    -0.005358929     -0.00614564    -0.006164371     -0.02025802               1
     -0.06383126      0.06383126      0.06170991      0.06177727      0.06192601      0.06237637       0.0630116      0.06368249      0.06466384      0.06423525      0.06811966
4.856297e-08
               0   -0.0002657112   -0.0009678045    -0.001925264    -0.003096987    -0.004336066    -0.005441391    -0.006213453    -0.006183268     -0.02026443               1
     -0.06418886      0.06418886       0.0623298      0.06261863      0.06278503      0.06285001      0.06291143      0.06311169      0.06309584      0.06455769      0.06824563
-2.100528e-07
               0   -0.0002633578   -0.0009422942      -0.0018661    -0.003003299    -0.004225935      -0.0053442    -0.006154561    -0.006207843     -0.02027161               1
     -0.06409693      0.06409693      0.06197655      0.06203375      0.06214934      0.06255388      0.06317205      0.06383279      0.06486125      0.06463922      0.06837747
4.579149e-08
               0   -0.0002608444   -0.0009559074    -0.001904515    -0.003069764    -0.004311205    -0.005432177    -0.006233746    -0.006241181     -0.02027874               1
     -0.06441281      0.06441281      0.06253555      0.06283165      0.06302575       0.0631322      0.06320941      0.06342017      0.06336957      0.06463557      0.06852468
-2.153948e-07
               0     -0.00025856   -0.0009335155    -0.001851093    -0.002982167     -0.00420386    -0.005332665    -0.006166302     -0.00625344      -0.0202842               1
     -0.06437381      0.06437381      0.06225637      0.06230813      0.06239549      0.06275507        0.063351       0.0639972      0.06505285      0.06503275       0.0686501
4.254096e-08
               0   -0.0002561414   -0.0009446086    -0.001884748    -0.003043622    -0.004287136    -0.005423231    -0.006253729    -0.006299382     -0.02029192               1
     -0.06464932      0.06464932      0.06275149      0.06305054      0.06326748       0.0634143      0.06351226      0.06373776      0.06367171      0.06474905      0.06881696
-2.1978e-07
               0   -0.0002539233   -0.0009254014    -0.001837549    -0.002963421    -0.004184855    -0.005324301    -0.006180959    -0.006301445     -0.02029586               1
     -0.06466203      0.06466203      0.06254889       0.0625995      0.06266375      0.06298031      0.06354987      0.06417798      0.06524273      0.06541555      0.06893847
3.881341e-08
               0   -0.0002515973    -0.000933951    -0.001866079    -0.003018755    -0.004264117    -0.005414844    -0.006273697     -0.00635809     -0.02030405               1
     -0.06489966      0.06489966      0.06297945      0.06327757      0.06351241      0.06369747      0.06382012      0.06406377      0.06399962      0.06489958      0.06912333
-2.23245e-07
               0   -0.0002494433   -0.0009179114    -0.001825379    -0.002946934    -0.004168805    -0.005319072    -0.006198607    -0.006352116     -0.02030669               1
     -0.06496188      0.06496188       0.0628538      0.06290703      0.06295333      0.06322975      0.06376989      0.06437719      0.06543498      0.06578807       0.0692435
3.462926e-08
               0   -0.0002472073   -0.0009239733    -0.001848617    -0.002995359    -0.004242412    -0.005407325    -0.006293976    -0.006417559      -0.0203152               1
     -0.06516501      0.06516501      0.06322117      0.06351501      0.06376283      0.06398316      0.06413337      0.06439779      0.06435082      0.06508797      0.06944471
-2.258404e-07
               0   -0.0002451158   -0.0009110114    -0.001814501    -0.002932584    -0.004155602    -0.005316934    -0.006219304    -0.006405692     -0.02031676               1
     -0.06527377      0.06527377      0.06317093      0.06323004      0.06326343      0.06350336      0.06401207      0.06459666       0.0656336      0.06615144      0.06956613
3.002434e-08
               0   -0.0002429671   -0.0009147096    -0.001832463     -0.00297362    -0.004222286    -0.005400996    -0.006314912    -0.006478075     -0.02032546               1
     -0.06544653      0.06544653      0.06347827      0.06376505      0.06402112      0.06427306      0.06445268      0.06473974      0.06472301      0.06531451      0.06978213
-2.276278e-07
               0   -0.0002409365   -0.0009046741    -0.001804848    -0.002920267    -0.004145141    -0.005317843    -0.006243096    -0.006462397     -0.02032616               1
     -0.06559825      0.06559825      0.06350033      0.06356801       0.0635933      0.06380097      0.06427728      0.06483802      0.06584248      0.06650736      0.06990734
2.504694e-08
               0   -0.0002388721   -0.0009061893     -0.00181771     -0.00295372    -0.004204005    -0.005396183    -0.006336873    -0.006539954     -0.02033492               1
     -0.06574533      0.06574533      0.06375229       0.0640298      0.06428969      0.06456909      0.06477897      0.06508981      0.06511415      0.06557901       0.0701367
-2.286769e-07
               0   -0.0002369013   -0.0008988791    -0.001796369    -0.002909895    -0.004137331    -0.005321758     -0.00627003    -0.006522446     -0.02033497               1
     -0.06593601      0.06593601      0.06384224       0.0639206      0.06394224      0.06412232      0.06456621      0.06510269      0.06606532      0.06685808      0.07026819
1.975495e-08
               0    -0.000234918   -0.0008984374     -0.00180444    -0.002935828     -0.00418783    -0.005393221    -0.006360242    -0.006603541     -0.02034368               1
     -0.06606248      0.06606248      0.06404468      0.06431127      0.06457094      0.06487331      0.06511343      0.06544849       0.0655225      0.06588094       0.0705096
-2.290631e-07
               0   -0.0002330062   -0.0008936134    -0.001789026      -0.0029014      -0.0041321    -0.005328652    -0.006300153    -0.006586051     -0.02034327               1
     -0.06628788      0.06628788       0.0641971       0.0642877      0.06430972      0.06446713      0.06487945      0.06539196      0.06630562      0.06720628      0.07064977
1.421316e-08
               0   -0.0002311007   -0.0008914749    -0.001792731    -0.002920104    -0.004174018    -0.005392443    -0.006385411    -0.006669208     -0.02035184               1
     -0.06639905      0.06639905      0.06435681      0.06461139      0.06486727      0.06518795      0.06545746      0.06581658      0.06594668      0.06621948      0.07090215
-2.288645e-07
               0   -0.0002292471   -0.0008888708    -0.001782796    -0.002894733    -0.004129394     -0.00533851    -0.006333524    -0.006653425     -0.02035117               1
     -0.06665485      0.06665485      0.06456555      0.06466944      0.06469535      0.06483511       0.0652175      0.06570694      0.06656669      0.06755501      0.07105326
8.490838e-09
               0    -0.000227416   -0.0008853192    -0.001782647    -0.002906699    -0.004162816    -0.005394184    -0.006412786    -0.006737353      -0.0203595               1
     -0.06675611      0.06675611      0.06468999      0.06493198      0.06518103      0.06551535      0.06581268      0.06619513      0.06638566      0.06659365      0.07131575
-2.281598e-07
               0     -0.00022562   -0.0008846521    -0.001777673    -0.002889871    -0.004129185    -0.005351342    -0.006370214    -0.006724789     -0.02035876               1
     -0.06703804      0.06703804      0.06494845      0.06506617      0.06509895      0.06522605       0.0655808      0.06604863      0.06685157      0.06790762      0.07147993
2.659614e-09
               0   -0.0002238598   -0.0008799844     -0.00177425     -0.00289575    -0.004154462    -0.005398775    -0.006442779    -0.006808399      -0.0203668               1
     -0.06713474      0.06713474      0.06504547      0.06527477      0.06551452      0.06585792      0.06618092      0.06658547      0.06683883      0.06700237      0.07175192
-2.27026e-07
               0   -0.0002221209   -0.0008809645    -0.001773667    -0.002886814     -0.00413147    -0.005367178    -0.006410317    -0.006800377     -0.02036616               1
     -0.06743871      0.06743871      0.06534685      0.06547851      0.06552058      0.06563981      0.06596977      0.06641795       0.0671631       0.0682677      0.07193115
-3.208383e-09
